lat_north = 29.762494764815855
lat_south = 29.676923141509906
lon_east  = -91.05987860943296
lon_west  = -91.23422469620478
datum_lat = 29.71970895316288
datum_lon = -91.14705165281887
